hello world

CreditImpulse_CN
CHBGREVO
34.1
32.05
31.09
31.95
30.29
30.28
30.19
28.6
28.4
27.04
25.9
25.55
25.94
23.75
24.72
24.76
23.3
23.19
24.54
25
25.44
27.78
28.05
28.44
29.12
31.4
31.28
32.58
33.51
33.9
32.48
31.39
32.01
31.55
30.13
30.31
29.61
29.11
28.92
28.07
26.97
27.22
28.9
27.56
26.48
26.07
25.17
25.09
25.8
24.53
25.07
23.79
22.69
22.42
23.06
24.01
24.71
25.95
25.82
26.78
27.26
28.89
28.15
30.91
31.44
31.39
31.73
30.37
31.28
31.47
30.95
31.6
31.19
30.76
31.09
30.04
29.39
29.85
29.33
30.13
29.67
29.81
29.38
29.02
28.52
27.04
27.17
26.19
25.69
24.92
24.23
23.3
23.73
23.42
22.15
21.39
21.54
22.86
22.63
24.01
23.04
23.69
24.27
23.17
22.96
23.2
22.63
23.04
23.17
23.12
23.09
26.16
27.46
29.06
29.84
29.9
31.15
32.06
32.01
32.1
31.48
30.33
31.06
29.05
26.97
25.64
25.79
24.61
24.1
23.6
23.21
23.64
24.35
24.76
24.26
25.94
24.41
25.26
26.75
25.92
25.57
26.36
25.48
25.09
24.28
24.53
26.16
26.54
26.17
25.24
24.47
24.1
24.62
24.94
25.54
25.97
26.46
25.97
24.66
24.32
23.07
23.44
22.78
22.81
22.82
22.6
21.84
21.71
21.89
22.13
22.64
23.34
24.04
24.12
24.69
24.72
24.38

LKQIND
11.04
11.75
12.56
13.86
12.09
12.09
13.7
12.69
11.3
11.97
10.86
9.9
11.16
8.98
9.87
9.5
7.08
7.79
5.77
6.01
5.98
6.04
8.13
9.23
9.2
8.44
6.2
6.49
7.35
5.95
7.64
9.08
11.96
10.09
9.94
8.68
9.17
7.18
6.66
6.55
5.93
7.31
7.25
5.91
3.81
5.69
4.54
4.32
3.88
5.13
3.86
2.07
4.16
3.19
3.13
2.6
3.22
1.31
1.57
2.53
2.51
3.44
4.19
6.61
4.05
4.43
5.58
7.35
8.99
9.86
10.57
10.93
10.71
10.05
12.85
11.78
10.45
10.41
11.16
12.62
9.84
9.58
8
7.54
7.28
11.22
9.66
6.41
8.15
11.15
9.81
9.47
9.63
8.89
8.75
8.42
9.28
7.76
6.18
7.78
8.72
6.4
6.85
6.11
6.28
7.54
7.44
7.44
8.36
0.9
2.31
2.23
3.33
6.55
8.99
7.27
8.87
7.99
7.65
8.4
9.25
16.42
17.61
15.62
13.89
10.17
8.05
7.45
5.87
6.83
6.46
7.06
5.7
6.31
6.31
7.41
5.12
5.32
7.38
9.34
9.8
7.25
7.03
4.65
5.9
5.52
7.24
7.72
7.22
6.53
5.14
6.58
5.27
7.26
6.97
8.34
7.75
7.75
7.75
3.65
3.82
4.69
5.28
3.66
5.26
5.14
4.07
3.93
4.03
4.03
4.03
4.27
4.93
3.47
3.48
3.48
3.48
